-61.0 3602.0
26.0 0.8010199889411412
-26.0 627.0
-80.0 6243.0
43.0 -0.8085189286751099
-8.0 51.0
-65.0 4098.0
-84.0 6891.0
-9.0 66.0
-92.0 8283.0
-50.0 2403.0
63.0 0.1832287161758228
-61.0 3602.0
-76.0 5627.0
49.0 -0.9333444894941657
34.0 0.5584944508259062
-51.0 2502.0
40.0 0.7701131604793489
46.0 0.9235274780835918
-22.0 443.0
-28.0 731.0
-62.0 3723.0
95.0 0.6937880305255947
-96.0 9027.0
-30.0 843.0
89.0 0.871305360868633
-28.0 731.0
78.0 0.526798968808048
19.0 0.20250878861032076
39.0 0.9894364119251134
40.0 0.7701131604793489
-57.0 3138.0
93.0 -0.9375294530979043
21.0 0.8842746861551036
66.0 -0.011399638872451642
-95.0 8838.0
37.0 -0.6165111063299724
-58.0 3251.0
-29.0 786.0
14.0 1.0620359271234419
22.0 0.03660323616414158
-15.0 198.0
-75.0 5478.0
-18.0 291.0
46.0 0.9235274780835918
9.0 0.5232295963528677
21.0 0.8842746861551036
89.0 0.871305360868633
-87.0 7398.0
66.0 -0.011399638872451642
-17.0 258.0
-55.0 2918.0
-29.0 786.0
47.0 0.14484971848990486
25.0 -0.09235175009777302
-52.0 2603.0
14.0 1.0620359271234419
-13.0 146.0
-13.0 146.0
-45.0 1938.0
86.0 -0.9118305400273156
-68.0 4491.0
50.0 -0.24237485370392878
-5.0 18.0
50.0 -0.24237485370392878
0.0 3.0
-40.0 1523.0
-51.0 2502.0
65.0 0.8422132948747187
-89.0 7746.0
79.0 -0.4314544408594071
24.0 -0.8639116953399572
84.0 0.7450950819780541
25.0 -0.09235175009777302
-62.0 3723.0
-56.0 3027.0
-28.0 731.0
32.0 0.5826766812416906
85.0 -0.16431091406623416
97.0 0.3899170173780372
87.0 -0.8103235837572593
79.0 -0.4314544408594071
-30.0 843.0
39.0 0.9894364119251134
-39.0 1446.0
17.0 -0.9025739624677921
-67.0 4358.0
-79.0 6086.0
42.0 -0.89271202410611
8.0 1.114358246623382
18.0 -0.6954316912161206
-86.0 7227.0
4.0 -0.5068024953079282
60.0 -0.28814395443555
19.0 0.20250878861032076
-85.0 7058.0
-97.0 9218.0
70.0 0.7881763958436033
-28.0 731.0
-34.0 1091.0
-52.0 2603.0
-59.0 3366.0
61.0 -0.9497243273854421
-73.0 5186.0
45.0 0.8731257467563407
62.0 -0.7230516643911584
57.0 0.45370861489694775
48.0 -0.7474213279903335
-77.0 5778.0
-3.0 6.0
94.0 -0.23461368759531392
50.0 -0.24237485370392878
66.0 -0.011399638872451642
3.0 0.4744533413932005
79.0 -0.4314544408594071
-73.0 5186.0
25.0 -0.09235175009777302
-74.0 5331.0
-13.0 146.0
78.0 0.526798968808048
40.0 0.7701131604793489
60.0 -0.28814395443555
-67.0 4358.0
87.0 -0.8103235837572593
-15.0 198.0
-74.0 5331.0
-95.0 8838.0
-80.0 6243.0
-11.0 102.0
53.0 0.41479307471013604
-24.0 531.0
-59.0 3366.0
-69.0 4626.0
36.0 -0.964001075665338
46.0 0.9235274780835918
58.0 1.0101140273948819
35.0 -0.39961124092472244
47.0 0.14484971848990486
-46.0 2027.0
-38.0 1371.0
67.0 -0.8405946058409939
-47.0 2118.0
-90.0 7923.0
88.0 0.04676193909729705
48.0 -0.7474213279903335
14.0 1.0620359271234419
37.0 -0.6165111063299724
42.0 -0.89271202410611
77.0 1.0125071715677443
7.0 0.7998437415759319
-77.0 5778.0
-14.0 171.0
0.0 3.0
-90.0 7923.0
-40.0 1523.0
38.0 0.32268436818306956
-70.0 4763.0
20.0 0.9629452507276277
-25.0 578.0
78.0 0.526798968808048
47.0 0.14484971848990486
59.0 0.6536871596815107
7.0 0.7998437415759319
61.0 -0.9497243273854421
66.0 -0.011399638872451642
-76.0 5627.0
43.0 -0.8085189286751099
-39.0 1446.0
92.0 -0.7685965043984133
-51.0 2502.0
-9.0 66.0
-71.0 4902.0
84.0 0.7450950819780541
53.0 0.41479307471013604
8.0 1.114358246623382
-57.0 3138.0
89.0 0.871305360868633
60.0 -0.28814395443555
80.0 -0.9813886539233753
69.0 -0.10029206015999882
36.0 -0.964001075665338
-2.0 3.0
-47.0 2118.0
78.0 0.526798968808048
27.0 0.99341296544154
23.0 -0.8027421433056054
89.0 0.871305360868633
46.0 0.9235274780835918
25.0 -0.09235175009777302
-75.0 5478.0
72.0 0.26771225165092516
-63.0 3846.0
-64.0 3971.0
90.0 0.9051077747116689
14.0 1.0620359271234419
97.0 0.3899170173780372
31.0 -0.37177958080693596
40.0 0.7701131604793489
-13.0 146.0
58.0 1.0101140273948819
73.0 -0.6630733267503213
-36.0 1227.0
-57.0 3138.0
55.0 -0.9815733551768017
-83.0 6726.0
-59.0 3366.0
-46.0 2027.0
96.0 0.9940044121010115
-68.0 4491.0
-30.0 843.0
-52.0 2603.0
3.0 0.4744533413932005
99.0 -0.9891058240853436
98.0 -0.5631777903577698
-35.0 1158.0
-56.0 3027.0
9.0 0.5232295963528677
9.0 0.5232295963528677
-15.0 198.0
78.0 0.526798968808048
43.0 -0.8085189286751099
62.0 -0.7230516643911584
-7.0 38.0
6.0 -0.1127488315322592
38.0 0.32268436818306956
-15.0 198.0
70.0 0.7881763958436033
61.0 -0.9497243273854421
-37.0 1298.0
-77.0 5778.0
-88.0 7571.0
60.0 -0.28814395443555
-53.0 2706.0
47.0 0.14484971848990486
56.0 -0.503693859229769
52.0 1.0058583612712546
-71.0 4902.0
34.0 0.5584944508259062
-57.0 3138.0
-68.0 4491.0
40.0 0.7701131604793489
-26.0 627.0
-74.0 5331.0
37.0 -0.6165111063299724
-67.0 4358.0
96.0 0.9940044121010115
-87.0 7398.0
-37.0 1298.0
47.0 0.14484971848990486
-72.0 5043.0
-62.0 3723.0
86.0 -0.9118305400273156
-75.0 5478.0
87.0 -0.8103235837572593
66.0 -0.011399638872451642
15.0 0.7169545068237835
-92.0 8283.0
-61.0 3602.0
75.0 -0.37444830207609714
-88.0 7571.0
24.0 -0.8639116953399572
14.0 1.0620359271234419
-88.0 7571.0
-69.0 4626.0
-29.0 786.0
-98.0 9411.0
-7.0 38.0
-33.0 1026.0
-92.0 8283.0
-80.0 6243.0
9.0 0.5232295963528677
-72.0 5043.0
-20.0 363.0
2.0 1.4092974268256817
-86.0 7227.0
12.0 -0.4532395846671016
-75.0 5478.0
-99.0 9606.0
-91.0 8102.0
74.0 -0.9716327469547339
15.0 0.7169545068237835
99.0 -0.9891058240853436
20.0 0.9629452507276277
-11.0 102.0
-37.0 1298.0
-23.0 486.0
-33.0 1026.0
-12.0 123.0
73.0 -0.6630733267503213
25.0 -0.09235175009777302
77.0 1.0125071715677443
87.0 -0.8103235837572593
76.0 0.5792655316350225
3.0 0.4744533413932005
-79.0 6086.0
71.0 0.9651391602966282
27.0 0.99341296544154
54.0 -0.5402705303330978
-42.0 1683.0
-92.0 8283.0
-59.0 3366.0
56.0 -0.503693859229769
76.0 0.5792655316350225
17.0 -0.9025739624677921
-23.0 486.0
-96.0 9027.0
50.0 -0.24237485370392878
63.0 0.1832287161758228
-7.0 38.0
-47.0 2118.0
-51.0 2502.0
-14.0 171.0
9.0 0.5232295963528677
6.0 -0.1127488315322592
23.0 -0.8027421433056054
88.0 0.04676193909729705
-33.0 1026.0
16.0 -0.2254033166650653
-100.0 9803.0
10.0 -0.4440211108893698
72.0 0.26771225165092516
31.0 -0.37177958080693596
-67.0 4358.0
25.0 -0.09235175009777302
-53.0 2706.0
-78.0 5931.0
39.0 0.9894364119251134
17.0 -0.9025739624677921
-97.0 9218.0
-87.0 7398.0
-88.0 7571.0
11.0 -0.9090811156416125
27.0 0.99341296544154
77.0 1.0125071715677443
53.0 0.41479307471013604
-63.0 3846.0
17.0 -0.9025739624677921
-6.0 27.0
21.0 0.8842746861551036
12.0 -0.4532395846671016
-44.0 1851.0
-24.0 531.0
45.0 0.8731257467563407
87.0 -0.8103235837572593
36.0 -0.964001075665338
18.0 -0.6954316912161206
-37.0 1298.0
-48.0 2211.0
-19.0 326.0
16.0 -0.2254033166650653
-30.0 843.0
-23.0 486.0
47.0 0.14484971848990486
-99.0 9606.0
-13.0 146.0
-74.0 5331.0
-91.0 8102.0
-47.0 2118.0
-26.0 627.0
-58.0 3251.0
-60.0 3483.0
-61.0 3602.0
15.0 0.7169545068237835
99.0 -0.9891058240853436
58.0 1.0101140273948819
-88.0 7571.0
-45.0 1938.0
75.0 -0.37444830207609714
9.0 0.5232295963528677
64.0 0.9356510381967906
55.0 -0.9815733551768017
-91.0 8102.0
-26.0 627.0
63.0 0.1832287161758228
35.0 -0.39961124092472244
-24.0 531.0
99.0 -0.9891058240853436
56.0 -0.503693859229769
-31.0 902.0
96.0 0.9940044121010115
-60.0 3483.0
49.0 -0.9333444894941657
-97.0 9218.0
62.0 -0.7230516643911584
26.0 0.8010199889411412
-2.0 3.0
-19.0 326.0
-46.0 2027.0
-69.0 4626.0
69.0 -0.10029206015999882
-65.0 4098.0
-87.0 7398.0
60.0 -0.28814395443555
-68.0 4491.0
10.0 -0.4440211108893698
-65.0 4098.0
45.0 0.8731257467563407
-40.0 1523.0
27.0 0.99341296544154
78.0 0.526798968808048
-89.0 7746.0
22.0 0.03660323616414158
73.0 -0.6630733267503213
-15.0 198.0
37.0 -0.6165111063299724
62.0 -0.7230516643911584
-94.0 8651.0
3.0 0.4744533413932005
53.0 0.41479307471013604
-35.0 1158.0
-30.0 843.0
82.0 0.3254239043843047
-84.0 6891.0
-97.0 9218.0
32.0 0.5826766812416906
5.0 -0.7589242746631384
97.0 0.3899170173780372
58.0 1.0101140273948819
-56.0 3027.0
-39.0 1446.0
-40.0 1523.0
40.0 0.7701131604793489
37.0 -0.6165111063299724
-16.0 227.0
66.0 -0.011399638872451642
-20.0 363.0
-11.0 102.0
-23.0 486.0
59.0 0.6536871596815107
62.0 -0.7230516643911584
88.0 0.04676193909729705
14.0 1.0620359271234419
57.0 0.45370861489694775
-43.0 1766.0
56.0 -0.503693859229769
-66.0 4227.0
22.0 0.03660323616414158
-15.0 198.0
46.0 0.9235274780835918
-63.0 3846.0
29.0 -0.6291511255922779
95.0 0.6937880305255947
34.0 0.5584944508259062
-98.0 9411.0
-89.0 7746.0
-47.0 2118.0
9.0 0.5232295963528677
77.0 1.0125071715677443
-61.0 3602.0
81.0 -0.6175423152621082
13.0 0.49709011374971784
68.0 -0.8832217983363502
75.0 -0.37444830207609714
-20.0 363.0
47.0 0.14484971848990486
21.0 0.8842746861551036
76.0 0.5792655316350225
91.0 0.11697652274016784
95.0 0.6937880305255947
-44.0 1851.0
-37.0 1298.0
-3.0 6.0
-73.0 5186.0
54.0 -0.5402705303330978
94.0 -0.23461368759531392
24.0 -0.8639116953399572
35.0 -0.39961124092472244
-37.0 1298.0
-38.0 1371.0
-78.0 5931.0
45.0 0.8731257467563407
-71.0 4902.0
-84.0 6891.0
31.0 -0.37177958080693596
-99.0 9606.0
1.0 1.8414709848078965
89.0 0.871305360868633
-87.0 7398.0
-60.0 3483.0
-93.0 8466.0
-12.0 123.0
-49.0 2306.0
-27.0 678.0
-37.0 1298.0
-45.0 1938.0
61.0 -0.9497243273854421
10.0 -0.4440211108893698
91.0 0.11697652274016784
-18.0 291.0
-41.0 1602.0
-51.0 2502.0
72.0 0.26771225165092516
18.0 -0.6954316912161206
21.0 0.8842746861551036
85.0 -0.16431091406623416
-4.0 11.0
29.0 -0.6291511255922779
44.0 0.04042919783268631
88.0 0.04676193909729705
29.0 -0.6291511255922779
-24.0 531.0
-71.0 4902.0
-11.0 102.0
14.0 1.0620359271234419
-42.0 1683.0
-76.0 5627.0
-89.0 7746.0
-41.0 1602.0
50.0 -0.24237485370392878
-13.0 146.0
9.0 0.5232295963528677
93.0 -0.9375294530979043
-45.0 1938.0
-99.0 9606.0
40.0 0.7701131604793489
-43.0 1766.0
-8.0 51.0
99.0 -0.9891058240853436
13.0 0.49709011374971784
-5.0 18.0
27.0 0.99341296544154
-5.0 18.0
85.0 -0.16431091406623416
6.0 -0.1127488315322592
-83.0 6726.0
19.0 0.20250878861032076
-38.0 1371.0
-84.0 6891.0
-64.0 3971.0
43.0 -0.8085189286751099
-98.0 9411.0
34.0 0.5584944508259062
3.0 0.4744533413932005
12.0 -0.4532395846671016
55.0 -0.9815733551768017
-47.0 2118.0
-80.0 6243.0
42.0 -0.89271202410611
-12.0 123.0
80.0 -0.9813886539233753
-98.0 9411.0
67.0 -0.8405946058409939
47.0 0.14484971848990486
68.0 -0.8832217983363502
32.0 0.5826766812416906
-48.0 2211.0
-100.0 9803.0
-49.0 2306.0
47.0 0.14484971848990486
-74.0 5331.0
-38.0 1371.0
20.0 0.9629452507276277
23.0 -0.8027421433056054
-81.0 6402.0
-67.0 4358.0
4.0 -0.5068024953079282
-41.0 1602.0
-32.0 963.0
-23.0 486.0
62.0 -0.7230516643911584
61.0 -0.9497243273854421
-2.0 3.0
69.0 -0.10029206015999882
62.0 -0.7230516643911584
-95.0 8838.0
97.0 0.3899170173780372
-15.0 198.0
14.0 1.0620359271234419
62.0 -0.7230516643911584
-51.0 2502.0
53.0 0.41479307471013604
-63.0 3846.0
69.0 -0.10029206015999882
22.0 0.03660323616414158
16.0 -0.2254033166650653
50.0 -0.24237485370392878
6.0 -0.1127488315322592
45.0 0.8731257467563407
59.0 0.6536871596815107
21.0 0.8842746861551036
62.0 -0.7230516643911584
87.0 -0.8103235837572593
15.0 0.7169545068237835
14.0 1.0620359271234419
-18.0 291.0
-80.0 6243.0
30.0 -0.9546982907595285
32.0 0.5826766812416906
92.0 -0.7685965043984133
-2.0 3.0
12.0 -0.4532395846671016
69.0 -0.10029206015999882
97.0 0.3899170173780372
69.0 -0.10029206015999882
-84.0 6891.0
-77.0 5778.0
81.0 -0.6175423152621082
-60.0 3483.0
72.0 0.26771225165092516
-2.0 3.0
33.0 1.0302148904102975
70.0 0.7881763958436033
-93.0 8466.0
-26.0 627.0
-60.0 3483.0
85.0 -0.16431091406623416
83.0 0.9804126538712697
-86.0 7227.0
3.0 0.4744533413932005
59.0 0.6536871596815107
29.0 -0.6291511255922779
57.0 0.45370861489694775
-79.0 6086.0
47.0 0.14484971848990486
-76.0 5627.0
47.0 0.14484971848990486
-15.0 198.0
-8.0 51.0
75.0 -0.37444830207609714
-66.0 4227.0
-63.0 3846.0
-31.0 902.0
33.0 1.0302148904102975
-78.0 5931.0
60.0 -0.28814395443555
43.0 -0.8085189286751099
36.0 -0.964001075665338
-60.0 3483.0
-13.0 146.0
27.0 0.99341296544154
-80.0 6243.0
96.0 0.9940044121010115
-77.0 5778.0
-25.0 578.0
-6.0 27.0
-91.0 8102.0
-77.0 5778.0
31.0 -0.37177958080693596
91.0 0.11697652274016784
-80.0 6243.0
-7.0 38.0
-44.0 1851.0
37.0 -0.6165111063299724
-32.0 963.0
-1.0 2.0
-1.0 2.0
-75.0 5478.0
-49.0 2306.0
-82.0 6563.0
66.0 -0.011399638872451642
-3.0 6.0
-22.0 443.0
6.0 -0.1127488315322592
52.0 1.0058583612712546
17.0 -0.9025739624677921
45.0 0.8731257467563407
27.0 0.99341296544154
7.0 0.7998437415759319
5.0 -0.7589242746631384
-62.0 3723.0
-82.0 6563.0
-92.0 8283.0
73.0 -0.6630733267503213
-4.0 11.0
-59.0 3366.0
-50.0 2403.0
70.0 0.7881763958436033
96.0 0.9940044121010115
26.0 0.8010199889411412
54.0 -0.5402705303330978
-55.0 2918.0
87.0 -0.8103235837572593
-75.0 5478.0
77.0 1.0125071715677443
-75.0 5478.0
-46.0 2027.0
-75.0 5478.0
-22.0 443.0
-100.0 9803.0
73.0 -0.6630733267503213
100.0 -0.4963656411097588
82.0 0.3254239043843047
-54.0 2811.0
-46.0 2027.0
22.0 0.03660323616414158
59.0 0.6536871596815107
46.0 0.9235274780835918
70.0 0.7881763958436033
75.0 -0.37444830207609714
-6.0 27.0
85.0 -0.16431091406623416
-71.0 4902.0
-88.0 7571.0
-78.0 5931.0
-92.0 8283.0
22.0 0.03660323616414158
-63.0 3846.0
50.0 -0.24237485370392878
-93.0 8466.0
93.0 -0.9375294530979043
34.0 0.5584944508259062
-15.0 198.0
-20.0 363.0
6.0 -0.1127488315322592
-75.0 5478.0
49.0 -0.9333444894941657
5.0 -0.7589242746631384
-22.0 443.0
-22.0 443.0
11.0 -0.9090811156416125
76.0 0.5792655316350225
73.0 -0.6630733267503213
-93.0 8466.0
13.0 0.49709011374971784
-83.0 6726.0
6.0 -0.1127488315322592
-48.0 2211.0
-47.0 2118.0
62.0 -0.7230516643911584
97.0 0.3899170173780372
-11.0 102.0
-53.0 2706.0
81.0 -0.6175423152621082
-40.0 1523.0
93.0 -0.9375294530979043
9.0 0.5232295963528677
52.0 1.0058583612712546
-83.0 6726.0
-38.0 1371.0
13.0 0.49709011374971784
19.0 0.20250878861032076
-20.0 363.0
41.0 -0.13423242490226997
-94.0 8651.0
43.0 -0.8085189286751099
63.0 0.1832287161758228
70.0 0.7881763958436033
-94.0 8651.0
75.0 -0.37444830207609714
-41.0 1602.0
99.0 -0.9891058240853436
37.0 -0.6165111063299724
93.0 -0.9375294530979043
91.0 0.11697652274016784
20.0 0.9629452507276277
10.0 -0.4440211108893698
-87.0 7398.0
-40.0 1523.0
95.0 0.6937880305255947
34.0 0.5584944508259062
-66.0 4227.0
-12.0 123.0
-85.0 7058.0
-88.0 7571.0
23.0 -0.8027421433056054
-12.0 123.0
50.0 -0.24237485370392878
65.0 0.8422132948747187
-35.0 1158.0
18.0 -0.6954316912161206
-78.0 5931.0
83.0 0.9804126538712697
-49.0 2306.0
-1.0 2.0
-46.0 2027.0
-36.0 1227.0
16.0 -0.2254033166650653
-56.0 3027.0
75.0 -0.37444830207609714
74.0 -0.9716327469547339
70.0 0.7881763958436033
-27.0 678.0
-22.0 443.0
12.0 -0.4532395846671016
-21.0 402.0
-11.0 102.0
100.0 -0.4963656411097588
-38.0 1371.0
-7.0 38.0
98.0 -0.5631777903577698
-94.0 8651.0
-89.0 7746.0
-14.0 171.0
-11.0 102.0
88.0 0.04676193909729705
-99.0 9606.0
-98.0 9411.0
-28.0 731.0
6.0 -0.1127488315322592
-19.0 326.0
94.0 -0.23461368759531392
-86.0 7227.0
61.0 -0.9497243273854421
-23.0 486.0
97.0 0.3899170173780372
-27.0 678.0
61.0 -0.9497243273854421
-35.0 1158.0
-100.0 9803.0
47.0 0.14484971848990486
63.0 0.1832287161758228
-4.0 11.0
-56.0 3027.0
75.0 -0.37444830207609714
-28.0 731.0
-74.0 5331.0
28.0 0.30662007402215474
27.0 0.99341296544154
74.0 -0.9716327469547339
-72.0 5043.0
100.0 -0.4963656411097588
-80.0 6243.0
13.0 0.49709011374971784
-38.0 1371.0
-3.0 6.0
39.0 0.9894364119251134
-58.0 3251.0
75.0 -0.37444830207609714
-61.0 3602.0
10.0 -0.4440211108893698
-31.0 902.0
69.0 -0.10029206015999882
96.0 0.9940044121010115
-48.0 2211.0
-5.0 18.0
17.0 -0.9025739624677921
-58.0 3251.0
-93.0 8466.0
-84.0 6891.0
-69.0 4626.0
85.0 -0.16431091406623416
83.0 0.9804126538712697
40.0 0.7701131604793489
4.0 -0.5068024953079282
78.0 0.526798968808048
11.0 -0.9090811156416125
-15.0 198.0
-36.0 1227.0
79.0 -0.4314544408594071
-85.0 7058.0
34.0 0.5584944508259062
-27.0 678.0
26.0 0.8010199889411412
7.0 0.7998437415759319
41.0 -0.13423242490226997
59.0 0.6536871596815107
47.0 0.14484971848990486
-88.0 7571.0
-36.0 1227.0
-96.0 9027.0
49.0 -0.9333444894941657
25.0 -0.09235175009777302
-82.0 6563.0
33.0 1.0302148904102975
-77.0 5778.0
-73.0 5186.0
80.0 -0.9813886539233753
8.0 1.114358246623382
67.0 -0.8405946058409939
79.0 -0.4314544408594071
0.0 3.0
41.0 -0.13423242490226997
31.0 -0.37177958080693596
74.0 -0.9716327469547339
6.0 -0.1127488315322592
-93.0 8466.0
-90.0 7923.0
71.0 0.9651391602966282
80.0 -0.9813886539233753
-79.0 6086.0
-90.0 7923.0
88.0 0.04676193909729705
-84.0 6891.0
39.0 0.9894364119251134
65.0 0.8422132948747187
18.0 -0.6954316912161206
36.0 -0.964001075665338
-99.0 9606.0
95.0 0.6937880305255947
100.0 -0.4963656411097588
17.0 -0.9025739624677921
-99.0 9606.0
38.0 0.32268436818306956
93.0 -0.9375294530979043
-69.0 4626.0
73.0 -0.6630733267503213
-56.0 3027.0
16.0 -0.2254033166650653
66.0 -0.011399638872451642
21.0 0.8842746861551036
-13.0 146.0
38.0 0.32268436818306956
86.0 -0.9118305400273156
18.0 -0.6954316912161206
-3.0 6.0
-93.0 8466.0
74.0 -0.9716327469547339
-68.0 4491.0
7.0 0.7998437415759319
-22.0 443.0
61.0 -0.9497243273854421
68.0 -0.8832217983363502
-9.0 66.0
11.0 -0.9090811156416125
-96.0 9027.0
-38.0 1371.0
96.0 0.9940044121010115
86.0 -0.9118305400273156
8.0 1.114358246623382
-48.0 2211.0
-1.0 2.0
8.0 1.114358246623382
-47.0 2118.0
75.0 -0.37444830207609714
6.0 -0.1127488315322592
-15.0 198.0
43.0 -0.8085189286751099
29.0 -0.6291511255922779
-93.0 8466.0
-97.0 9218.0
43.0 -0.8085189286751099
-13.0 146.0
1.0 1.8414709848078965
18.0 -0.6954316912161206
-75.0 5478.0
-92.0 8283.0
17.0 -0.9025739624677921
-30.0 843.0
67.0 -0.8405946058409939
91.0 0.11697652274016784
99.0 -0.9891058240853436
7.0 0.7998437415759319
-72.0 5043.0
69.0 -0.10029206015999882
80.0 -0.9813886539233753
65.0 0.8422132948747187
63.0 0.1832287161758228
81.0 -0.6175423152621082
-52.0 2603.0
-97.0 9218.0
8.0 1.114358246623382
-66.0 4227.0
-25.0 578.0
69.0 -0.10029206015999882
-37.0 1298.0
-100.0 9803.0
73.0 -0.6630733267503213
47.0 0.14484971848990486
39.0 0.9894364119251134
-37.0 1298.0
55.0 -0.9815733551768017
85.0 -0.16431091406623416
83.0 0.9804126538712697
-66.0 4227.0
-24.0 531.0
-5.0 18.0
67.0 -0.8405946058409939
71.0 0.9651391602966282
81.0 -0.6175423152621082
-7.0 38.0
79.0 -0.4314544408594071
-20.0 363.0
-44.0 1851.0
5.0 -0.7589242746631384
67.0 -0.8405946058409939
-5.0 18.0
-69.0 4626.0
8.0 1.114358246623382
-11.0 102.0
-21.0 402.0
-39.0 1446.0
-92.0 8283.0
-17.0 258.0
-14.0 171.0
39.0 0.9894364119251134
2.0 1.4092974268256817
0.0 3.0
86.0 -0.9118305400273156
12.0 -0.4532395846671016
-67.0 4358.0
-52.0 2603.0
-18.0 291.0
75.0 -0.37444830207609714
81.0 -0.6175423152621082
5.0 -0.7589242746631384
-57.0 3138.0
-65.0 4098.0
4.0 -0.5068024953079282
-84.0 6891.0
-20.0 363.0
58.0 1.0101140273948819
33.0 1.0302148904102975
18.0 -0.6954316912161206
-73.0 5186.0
-16.0 227.0
-21.0 402.0
-64.0 3971.0
1.0 1.8414709848078965
27.0 0.99341296544154
-91.0 8102.0
