4.219320320798948
11.296231226803128
11.167143337990886
11.30655606519743
12.305884434888146
11.007050229470762
4.731467109808937
243.78707358959394
22.19171878295066
22.191719117555678
0.26807000992958163
11.9532657045934
14.530441920189212
6.395700197334212E-6
0.5265024822133364
243.14097951452547
3026.5649112272367
12.462417135843735
14.006236853967842
90011.55555925284
3022.66297855564
18.90759614539766
11.743228249890944
11.323810915752025
16.43196612294233
7.260368188178452
9.101958032140335
4.522072820914224
16.112807728141455
90011.62998654711
