1.0996254237929781E8
4.497508961395725E7
4.315477556797525E7
3.950022893011505E7
2.993303586719195E7
2.5440525252453618E7
2.1713001944192518E7
1.985866129352122E7
1.6928176097479127E7
1.3199202694032663E7
1.102043062658463E7
9235492.335093416
7220142.341759342
6326562.656617326
5579389.151592772
4774658.45969907
4041428.6689196113
3510644.072122029
3132060.6595106353
2571431.5686152554
2289856.1814857004
2030966.0538458398
1767777.2572076619
1571634.7308878615
1327830.0880501107
1195257.004394876
1111198.4254608185
981357.6508528863
778928.119316125
682266.3165103457
575966.3658249434
491798.7588878253
438066.1948391457
391344.5451419402
366380.6066562729
324642.3934616375
279828.9780501241
256967.01462736793
238816.65151759598
224080.4969029776
173486.94666618668
166096.76573538774
139578.73111685098
134559.76455115518
121174.01632711285
114133.79793059375
98904.20539453605
92537.01846888791
83770.93811338396
74142.89234377988
63948.37832745851
57412.25841137125
53133.327649753126
50195.55480967832
47375.92118765811
44946.5376659309
37682.87661812359
36235.98226586011
33401.62300483646
31950.029558675826
29503.31335864796
26018.316500007302
25051.400984740918
23787.699903936507
22104.78347571209
21423.805411393296
20341.069612003088
19851.880198927847
18675.353693606397
18004.9466201904
17119.10672127794
16193.030184714884
15405.440021313249
14296.922183129947
13523.03138644012
13065.009340823386
12232.725537380555
12016.845676608094
11346.422285536037
11236.061870508267
11044.668822138568
10624.283370125004
10091.328395958579
9869.076111883893
9303.721342248806
9046.066735821503
8704.256703268047
8613.863586735904
8435.686952545497
8158.8116387562095
8033.1295320415375
7894.554465346178
7650.0638660581935
7540.999862887818
7471.124573227144
7404.901060643158
7363.715907419643
7297.87335466786
7272.08983460479
7224.519482231585
7206.963608820335
7150.004070256913
7116.576995242418
7094.262598296733
7054.871328312223
7040.25139627826
7024.142801920768
7013.238998744429
6992.2282221451405
6982.322326162048
6953.457749329087
6932.8099861805385
6917.048172313757
6908.3612661145835
6900.251795600348
6897.873725072296
6890.904232279988
6880.466403232985
6871.093846607188
6862.171327801436
6855.34171141031
6844.673919315157
6836.4024976219625
6829.519522546368
6821.581381431688
6816.37946364291
6809.256895382536
6805.7728715145795
6801.560237226881
6796.422218317425
6791.00279921251
6786.812024529676
6781.635807075607
6777.943935185335
6774.200593417463
6771.995288820401
6765.568523530957
6762.216112701878
6760.1328309656565
6755.723779284194
6748.552980723612
6742.572991489138
6738.8017398079555
6734.268511347009
6727.596104034416
6725.884860448234
6724.145532452994
6722.168806130759
6718.8967004696415
6714.093190280441
6712.3624905287015
6707.830193927541
6706.031472494687
6698.771821000866
6695.953598671676
6691.381867151423
6687.661382397884
6684.488861760376
6680.880236315019
6674.362385006574
6669.5078328996215
6666.725865970423
6665.218198889354
6663.259329924281
6661.297376183048
6659.657544473211
6657.728279726186
6656.867657688118
6655.789544399354
6654.441054926851
6653.387647842309
6652.247869433763
6650.644960216452
6650.0836989097725
6648.730440296915
6647.746590876869
6646.81477349029
6646.001795734313
6645.215362614433
6643.900901605783
6643.065952995946
6641.909345923603
6640.721117073184
6639.629436460178
6638.0081978884355
6636.760238041697
6635.67344858662
6633.855095077048
6632.562022874741
6630.080799435227
6628.616412918919
6626.184945092356
6623.417959475301
6619.971411601511
6616.216669674729
6613.257074245003
6610.090621890884
6605.239630344474
6600.028978978836
6593.761718308931
6586.497306576184
6577.321264614094
6572.001238570176
6564.972260036844
6557.096009986259
6553.12117262414
6545.053526932926
6541.784455682736
6541.20905368712
6540.186375965068
6539.981276961142
6536.831365620408
6536.520818490482
6536.311847618181
6534.477236315841
6533.630235179928
6533.500094877492
6532.129523823543
6531.367860408573
6531.291210509529
6530.921927506077
6530.671583192562
6530.313108337147
6530.17030668962
6529.728325532593
6529.191664767461
6528.939176201342
6528.436582573763
6527.0036985070055
6526.4044993227235
6526.34540220202
6525.86491833853
6525.268132939377
6520.782118268766
6520.5586928362
6519.727357709215
6519.279438308199
6519.106984412595
6518.923170748039
6518.61176318042
6518.371355883008
6518.188202419525
6517.701811434911
6517.381293009883
6517.091034784299
6516.98929439235
6516.331522181602
6515.474478700789
6515.3923297626425
6515.213172898724
6514.807227276239
6514.581162712023
6514.348938227895
6514.019227573697
6513.5394406384985
6513.408221988598
6512.822733037564
6512.686554009413
6512.2018803298415
6511.6113951288235
6510.870149387381
6510.263032064334
6509.011853030979
6508.402823064145
6505.363958643298
6504.498347949924
6503.340554804851
6501.473671502211
6500.904928402184
6500.4635177965365
6499.96979828637
6499.79903659114
6499.734191543023
6498.298734911969
6497.803698014982
6497.483314506685
6496.268196026616
6495.785492986678
6495.058235816585
6494.51589924804
6494.321078723181
6491.72111248435
6491.47415079306
6490.771544021257
6489.888037550483
6488.833444814755
6488.355529114078
6487.499382568726
6486.927975216443
6486.519825472091
6486.398682791305
6484.61521645586
6484.164932720833
6480.61889521372
6480.1304972233565
6479.8881943563865
6479.020600643873
6478.9010675096915
6478.5479453019425
6478.088288910682
6478.072104681518
6477.86588950985
6476.685473705188
6476.335528428043
6475.885825395965
6474.272204280848
6473.521344196741
6472.9772674170035
6472.91218187486
6472.837447264127
6472.795673302113
6471.621755082761
6471.010921380805
6470.969813432072
6470.486819645103
6470.382776617168
6469.602692823621
6469.576064002298
6469.478294931055
6469.262393137386
6469.223956806293
6468.97352304286
6468.932318242147
6468.804399182235
6468.758366922195
6468.281079690552
6467.8757348281015
6467.2685151249925
6467.095120191539
6466.953439508233
6466.809036858126
6466.759766998954
6466.647755412491
6466.511713610618
6466.256842897691
6466.027282090965
6465.773029314852
6465.625785143077
6465.398159607715
6465.323875589262
6465.064779675673
6464.989072961305
6464.856777521895
6464.771496089945
6464.368597867684
6464.225022409105
6463.947753380745
6463.933025349631
6463.8714454956835
6463.675116642352
6463.489478728282
6463.383046099945
6463.338302041931
6463.31506591938
6463.213965577952
6462.300403036259
6462.093591034656
6462.042351128138
6462.0247219383855
6462.012292285269
6461.972603255188
6461.961989118235
6461.920854953299
6461.904991611506
6461.649834512413
6461.606944846321
6461.370335452764
6461.35524606471
6461.336794276657
6461.272017875616
6461.261908797363
6461.232135750866
6461.20930111187
6461.14942472546
6461.1313174195175
6461.104881951832
6461.046896212091
6461.030492215589
6461.016361730928
6461.009614223793
6460.974807010373
6460.944153039363
6460.867329262006
6460.762266294966
6460.653498767649
6460.520733530035
6460.513597343108
6459.844134642688
6459.835007483499
6459.45744308572
6459.451025386496
6459.440913628589
6459.130769502041
6459.121309055236
6459.082078369915
6459.07377046747
6459.065883741922
6459.057340963243
6459.04731769599
6459.036527199951
6459.024649618895
6458.6055264199995
6458.526166279857
6458.37191181237
6458.337446484301
6458.081044683605
6458.075338602573
6457.233056116637
6456.056273558698
6456.0425963748285
6456.034268782614
6456.027424846843
6456.018766839873
6456.006605504359
6455.589781522504
6455.5807239240385
6455.571414273439
6454.600381343759
6454.1262617852035
6453.9880699945625
6453.9800312068655
6453.884995276619
6453.878805864486
6453.870061387106
6453.557210897118
6453.545943941565
6453.542418738609
6453.447510584287
6453.441176978204
6453.398525894458
6453.096032352769
6453.052892287499
6452.949088601472
6452.696344478969
6452.58894560521
6452.371255052302
6452.198794954889
6452.192171005698
6452.18433033688
6452.0921040681715
6452.061908285165
6451.75034402441
6451.639361769554
6451.635136403886
6451.2905119279685
6451.281120133258
6450.8423471604
6449.88293477017
6449.647739730582
6449.570943483614
6449.5025323829595
6449.113470622112
6448.7436549408285
6448.734476146283
6448.724848868048
6448.481212695635
6448.4631937023705
6448.451723880004
6448.435667859408
6448.275190039202
6448.236974234924
6448.193768062704
6448.051337970907
6447.982922176861
6447.8880375958715
6447.693879443896
6447.549047952782
6447.40068306463
6447.271215282441
6447.158845508758
6447.026425023015
6446.923373412553
6446.8818923531535
6446.783197264929
6446.776122717278
6446.657098138924
6446.6300938883005
6446.527568709133
6446.49537130238
6446.4009786623155
6446.356107024851
6446.258209622932
6446.1003457172465
6446.035921206191
6446.030304496185
6446.008322827565
6445.972536848536
6445.921115583606
6445.894507556497
6445.887043716548
6445.877318411275
6445.866253848534
6445.800626668479
6445.783875263133
6445.774189359781
6445.735823591679
6445.702307372575
6445.648281788451
6445.620044564002
6445.535327277015
6445.518190356717
6445.431969705539
6445.381302845629
6445.352057717847
6445.34157249826
6445.314755655966
6445.295050726733
6445.272002540218
6445.259349945947
6445.24488015144
6445.235565336337
6445.2303030087305
6445.222553517349
6445.212224303372
6445.2002755014955
6445.180381343696
6445.171290270156
6445.15618537864
6445.142027228091
6445.135335101416
6445.124400478428
6445.113598943173
6445.104883463796
6445.095491450321
6445.085740103707
6445.071412139346
6445.048553601557
6445.041961278106
6445.038012800275
6445.021319859997
6445.010291549368
6445.003161533151
6444.983923253695
6444.971067170196
6444.956609588443
6444.946066217717
6444.93847216008
6444.924998179686
6444.919120059681
6444.9057211222325
6444.899959391059
6444.892790524101
6444.889316022568
6444.878765722648
6444.87459070869
6444.86314604242
6444.857649518371
6444.852109400681
6444.847416499976
6444.841481726015
6444.835668984121
6444.831622474559
6444.8215485393175
6444.816761201831
6444.810709640405
6444.805126239791
6444.793523993926
6444.788624598658
6444.78449440803
6444.77748923193
6444.772544893492
6444.766425942947
6444.761410171518
6444.753171927466
6444.745368212713
6444.737795558094
6444.731314660886
6444.723020591962
6444.714859156648
6444.704673438363
6444.695209780226
6444.6894844418575
6444.678054616195
6444.669740534547
6444.661827451515
6444.652157500228
6444.641835118406
6444.6357258404805
6444.629543071273
6444.621498763953
6444.615250636673
6444.605296124102
6444.59691579652
6444.589325075309
6444.577176936824
6444.568363201764
6444.5596450614075
6444.547896440543
6444.540092339744
6444.532777108858
6444.524115450805
6444.514199072523
6444.505559844666
6444.499381194674
6444.492453747706
6444.485353211983
6444.479762646551
6444.475387869549
6444.466865691022
6444.459146906318
6444.453563887994
6444.446416730583
6444.440019868682
6444.4340702431655
6444.429097664985
6444.425245009334
6444.4176103200025
6444.411591961126
6444.406172028411
6444.399436406403
6444.390099084314
6444.3841996821175
6444.373956911076
6444.369548920794
6444.363405294716
6444.3559278961075
6444.350781596392
6444.346309253064
6444.340560641405
6444.334860838285
6444.32820195412
6444.322016269523
6444.318315803838
6444.313237659953
6444.307467488903
6444.301225029509
6444.296991117062
6444.29132659815
6444.285713263446
6444.278591030091
6444.271251323325
6444.266814527525
6444.261466197688
6444.255455342801
6444.249131212686
6444.244869190574
6444.239211949543
6444.230668613367
6444.221680256883
6444.214683140776
6444.204871322012
6444.195504977493
6444.18728536771
6444.1731601355
6444.15430429916
6444.134599633983
6444.106177334222
6444.080375096187
6444.032540349762
6443.996095294017
6443.934191717809
6443.883439705958
6443.8269400709005
6443.741771669957
6443.689248117344
6443.580283202086
6443.500583558416
6443.442073673598
6443.407933727096
6443.323078585554
6443.257077441183
6443.146225624894
6443.036889190858
6442.9171855396935
6442.870604150405
6442.81099294587
6442.7781009759265
6442.746825504707
6442.704839365247
6442.660064385444
6442.6322087030085
6442.616608596992
6442.584513407995
6442.576355115057
6442.55336041816
6442.50643715836
6442.4876152127135
6442.430040234412
6442.4115541207075
6442.406451226384
6442.387374091541
6442.354285680992
6442.334233918243
6442.29652254703
6442.266640822732
6442.228108656436
6442.197201425388
6442.156635987582
6442.153585902574
6442.102729118472
6442.025481277003
6442.012448022608
6441.938245777681
6441.915911056407
6441.907961030241
6441.890902745608
6441.867230868763
6441.853708199526
6441.844487603475
6441.836809136712
6441.830401326934
6441.82526944576
6441.821369370579
6441.810879178708
6441.799845845908
6441.792244997938
6441.77449754743
6441.769954918406
6441.759590066797
6441.752635070574
6441.742555024374
6441.732200958944
6441.723427890827
6441.719625529222
6441.706469971811
6441.696851216605
6441.683281769097
6441.674101787179
6441.670058087696
6441.650899173719
6441.627394010559
6441.611908100294
6441.594119689469
6441.583908035566
6441.568663318778
6441.548284675265
6441.506677071225
6441.479460498076
6441.439792878964
6441.418900408088
6441.375781788364
6441.304633076606
6441.273101004702
6441.2459475046435
6441.230883357884
6441.132597779418
6441.100528388287
6440.9838902132615
6440.879616332787
6440.763418727312
6440.66587094246
6440.527575498072
6440.332758303266
6440.147529293578
6439.998201739045
6439.940450555697
6439.878388371395
6439.7930660895445
6439.786889183507
6439.759550451071
6439.719611982532
6439.677858113075
6439.65181611701
6439.647010543773
6439.620151100918
6439.601322379085
6439.597528250372
6439.5883119240225
6439.585463933653
6439.516671262846
6439.4924497413285
6439.433893148276
6439.390032446342
6439.369285235589
6439.347135409122
6439.305745457911
6439.29561437155
6439.260669054222
6439.248259869965
6439.234203230991
6439.230763960447
6439.226721502072
6439.2233388679615
6439.197496049631
6439.182118487612
6439.17985943132
6439.176807127838
6439.165927564126
6439.154693326643
6439.144430870848
6439.138543389906
6439.133731784782
6439.126473247148
6439.121751350321
6439.1180564354145
6439.111079558903
6439.106082035143
6439.101882384306
6439.098139029078
6439.093404565863
6439.082751632358
6439.067780169405
6439.0635318472105
6439.060613732127
6439.0551610360135
6439.05027383658
6439.044898881623
6439.027023383681
6439.023167102657
6439.017991583524
6439.009919948026
6439.002627511301
6438.996780705808
6438.989954844481
6438.982575210654
6438.977608516309
6438.97153575934
6438.966459202081
6438.961771171025
6438.955568158567
6438.950728359711
6438.945957590547
6438.938370553074
6438.933600977977
6438.927877567632
6438.923771937208
6438.920035792073
6438.9147495336865
6438.911266091891
6438.9056564227485
6438.902543200267
6438.896188417669
6438.890277344399
6438.886713723301
6438.88038740256
6438.877207931785
6438.873695923944
6438.869565873437
6438.8653495172
6438.859837634218
6438.855649860541
6438.851262828714
6438.845430567035
6438.840198253035
6438.8353827436695
6438.830772395793
6438.824475986304
6438.819479678797
6438.814074410382
6438.809550866166
6438.804667459185
6438.798981572693
6438.792801554793
6438.788913032471
6438.7842967232855
6438.777379820212
6438.770781717657
6438.76435316074
6438.757837175689
6438.753297231901
6438.744299722871
6438.738735080866
6438.732944565015
6438.728727998018
6438.7233719008245
6438.718388764222
6438.71433096718
6438.71088881468
6438.706832499266
6438.703776129651
6438.698635279959
6438.694459392721
6438.691158225687
6438.686429517871
6438.682157507219
6438.676904240614
6438.673682882417
6438.669849089968
6438.666733992376
6438.661691112345
6438.657173828322
6438.653700934001
6438.649151517001
6438.645347510368
6438.64066620394
6438.637289524855
6438.634214717861
6438.629992348247
6438.624686202217
6438.621037467072
6438.617631401448
6438.613599399601
6438.611167188691
6438.609279651929
6438.606298666698
6438.604096631059
6438.5994583372985
6438.594850145208
6438.591935091856
6438.588729896211
6438.585992754276
6438.582970278722
6438.579318626737
6438.576089290797
6438.572782195039
6438.567696046075
6438.56443976535
6438.560163446594
6438.556446287997
6438.553723364349
6438.549897297399
6438.543875473287
6438.540105623738
6438.5354308819715
6438.533070993859
6438.528366940566
6438.523370881238
6438.51956360324
6438.515866123346
6438.511112612549
6438.5082214798595
6438.502690019756
6438.498345002551
6438.493598774861
6438.487465671105
6438.482959628784
6438.47632246619
6438.472962285805
6438.467333092275
6438.460841195231
6438.4561092395115
6438.452327007419
6438.447413586083
6438.442705802195
6438.438355990423
6438.433675827112
6438.429468414725
6438.423627284737
6438.4191514015865
6438.415247019227
6438.410639447073
6438.406906351511
6438.403173701315
6438.39829482669
6438.394569328494
6438.38977861405
6438.386520381778
6438.381840513716
6438.378596237565
6438.374783207463
6438.371682184293
6438.367343523606
6438.365424810614
6438.360849931064
6438.357385109998
6438.353414670326
6438.350227161343
6438.347487310482
6438.343548542261
6438.340279928527
6438.335169268922
6438.331913479751
6438.32663443814
6438.321517629801
6438.317061205057
6438.311746582712
6438.3087037948
6438.304311948242
6438.300647824778
6438.2967622824235
6438.292828678286
6438.287951427835
6438.284746616511
6438.281569335834
6438.2787802275
6438.275343997601
6438.272072812219
6438.269744686937
6438.265754439709
6438.2599650791435
6438.257095174326
6438.252734304277
6438.249761875005
6438.245605952398
6438.241159159823
6438.23517293129
6438.229502313193
6438.224662837229
6438.220997571793
6438.2160241244155
6438.2101329783145
6438.204638826367
6438.198744302379
6438.193356550232
6438.185834751552
6438.180077004284
6438.172413958763
6438.167538882205
6438.162237097338
6438.157639956161
6438.151619706082
6438.147245395384
6438.143820030335
6438.139576812312
6438.134580563944
6438.127747184762
6438.12443517461
6438.120825896073
6438.115722667399
6438.111442599646
