2.0 1.4092974268256817
76.0 0.5792655316350225
-83.0 6726.0
-67.0 4358.0
63.0 0.1832287161758228
91.0 0.11697652274016784
70.0 0.7881763958436033
15.0 0.7169545068237835
-41.0 1602.0
30.0 -0.9546982907595285
65.0 0.8422132948747187
-97.0 9218.0
-58.0 3251.0
-51.0 2502.0
-30.0 843.0
6.0 -0.1127488315322592
-3.0 6.0
92.0 -0.7685965043984133
-48.0 2211.0
86.0 -0.9118305400273156
71.0 0.9651391602966282
-48.0 2211.0
-87.0 7398.0
60.0 -0.28814395443555
-48.0 2211.0
15.0 0.7169545068237835
-11.0 102.0
-81.0 6402.0
88.0 0.04676193909729705
60.0 -0.28814395443555
-20.0 363.0
-87.0 7398.0
-79.0 6086.0
1.0 1.8414709848078965
97.0 0.3899170173780372
-26.0 627.0
22.0 0.03660323616414158
60.0 -0.28814395443555
-22.0 443.0
61.0 -0.9497243273854421
97.0 0.3899170173780372
-75.0 5478.0
14.0 1.0620359271234419
-48.0 2211.0
16.0 -0.2254033166650653
85.0 -0.16431091406623416
65.0 0.8422132948747187
-3.0 6.0
-63.0 3846.0
78.0 0.526798968808048
26.0 0.8010199889411412
-56.0 3027.0
-5.0 18.0
3.0 0.4744533413932005
-55.0 2918.0
22.0 0.03660323616414158
40.0 0.7701131604793489
82.0 0.3254239043843047
28.0 0.30662007402215474
-39.0 1446.0
20.0 0.9629452507276277
58.0 1.0101140273948819
37.0 -0.6165111063299724
69.0 -0.10029206015999882
34.0 0.5584944508259062
11.0 -0.9090811156416125
-29.0 786.0
-11.0 102.0
60.0 -0.28814395443555
92.0 -0.7685965043984133
9.0 0.5232295963528677
-50.0 2403.0
78.0 0.526798968808048
55.0 -0.9815733551768017
-23.0 486.0
30.0 -0.9546982907595285
4.0 -0.5068024953079282
67.0 -0.8405946058409939
-48.0 2211.0
35.0 -0.39961124092472244
24.0 -0.8639116953399572
30.0 -0.9546982907595285
-2.0 3.0
-74.0 5331.0
87.0 -0.8103235837572593
-50.0 2403.0
-19.0 326.0
-61.0 3602.0
38.0 0.32268436818306956
98.0 -0.5631777903577698
30.0 -0.9546982907595285
32.0 0.5826766812416906
-4.0 11.0
43.0 -0.8085189286751099
-83.0 6726.0
-14.0 171.0
29.0 -0.6291511255922779
-92.0 8283.0
60.0 -0.28814395443555
-54.0 2811.0
83.0 0.9804126538712697
23.0 -0.8027421433056054
68.0 -0.8832217983363502
0.0 3.0
-76.0 5627.0
89.0 0.871305360868633
-51.0 2502.0
13.0 0.49709011374971784
-51.0 2502.0
68.0 -0.8832217983363502
-16.0 227.0
-79.0 6086.0
3.0 0.4744533413932005
98.0 -0.5631777903577698
-24.0 531.0
98.0 -0.5631777903577698
-91.0 8102.0
59.0 0.6536871596815107
16.0 -0.2254033166650653
-26.0 627.0
-97.0 9218.0
45.0 0.8731257467563407
-30.0 843.0
75.0 -0.37444830207609714
28.0 0.30662007402215474
-4.0 11.0
90.0 0.9051077747116689
-98.0 9411.0
16.0 -0.2254033166650653
23.0 -0.8027421433056054
-13.0 146.0
-17.0 258.0
88.0 0.04676193909729705
-4.0 11.0
27.0 0.99341296544154
0.0 3.0
34.0 0.5584944508259062
-74.0 5331.0
-52.0 2603.0
91.0 0.11697652274016784
1.0 1.8414709848078965
-8.0 51.0
66.0 -0.011399638872451642
-13.0 146.0
-9.0 66.0
-41.0 1602.0
68.0 -0.8832217983363502
67.0 -0.8405946058409939
20.0 0.9629452507276277
-71.0 4902.0
47.0 0.14484971848990486
33.0 1.0302148904102975
18.0 -0.6954316912161206
74.0 -0.9716327469547339
-86.0 7227.0
57.0 0.45370861489694775
-72.0 5043.0
-1.0 2.0
-21.0 402.0
-61.0 3602.0
-70.0 4763.0
48.0 -0.7474213279903335
-20.0 363.0
-23.0 486.0
13.0 0.49709011374971784
-89.0 7746.0
61.0 -0.9497243273854421
71.0 0.9651391602966282
-71.0 4902.0
44.0 0.04042919783268631
14.0 1.0620359271234419
20.0 0.9629452507276277
-85.0 7058.0
-28.0 731.0
95.0 0.6937880305255947
42.0 -0.89271202410611
91.0 0.11697652274016784
-1.0 2.0
10.0 -0.4440211108893698
4.0 -0.5068024953079282
54.0 -0.5402705303330978
11.0 -0.9090811156416125
33.0 1.0302148904102975
64.0 0.9356510381967906
35.0 -0.39961124092472244
74.0 -0.9716327469547339
58.0 1.0101140273948819
-65.0 4098.0
-72.0 5043.0
71.0 0.9651391602966282
40.0 0.7701131604793489
3.0 0.4744533413932005
-64.0 3971.0
62.0 -0.7230516643911584
58.0 1.0101140273948819
-76.0 5627.0
95.0 0.6937880305255947
-32.0 963.0
-6.0 27.0
-33.0 1026.0
-15.0 198.0
-4.0 11.0
21.0 0.8842746861551036
-50.0 2403.0
-16.0 227.0
-94.0 8651.0
3.0 0.4744533413932005
-62.0 3723.0
51.0 0.6898370189806297
-13.0 146.0
45.0 0.8731257467563407
-58.0 3251.0
-19.0 326.0
84.0 0.7450950819780541
-69.0 4626.0
69.0 -0.10029206015999882
11.0 -0.9090811156416125
2.0 1.4092974268256817
-51.0 2502.0
-100.0 9803.0
-46.0 2027.0
-28.0 731.0
4.0 -0.5068024953079282
96.0 0.9940044121010115
-60.0 3483.0
-22.0 443.0
-20.0 363.0
60.0 -0.28814395443555
-51.0 2502.0
-68.0 4491.0
-32.0 963.0
51.0 0.6898370189806297
92.0 -0.7685965043984133
-65.0 4098.0
92.0 -0.7685965043984133
45.0 0.8731257467563407
-74.0 5331.0
-20.0 363.0
48.0 -0.7474213279903335
97.0 0.3899170173780372
-36.0 1227.0
47.0 0.14484971848990486
27.0 0.99341296544154
22.0 0.03660323616414158
-50.0 2403.0
69.0 -0.10029206015999882
13.0 0.49709011374971784
-4.0 11.0
38.0 0.32268436818306956
-42.0 1683.0
-27.0 678.0
-18.0 291.0
-82.0 6563.0
-2.0 3.0
83.0 0.9804126538712697
-79.0 6086.0
-62.0 3723.0
82.0 0.3254239043843047
39.0 0.9894364119251134
44.0 0.04042919783268631
-38.0 1371.0
-99.0 9606.0
34.0 0.5584944508259062
-1.0 2.0
-57.0 3138.0
38.0 0.32268436818306956
-71.0 4902.0
-76.0 5627.0
74.0 -0.9716327469547339
-9.0 66.0
-54.0 2811.0
80.0 -0.9813886539233753
8.0 1.114358246623382
-25.0 578.0
-70.0 4763.0
72.0 0.26771225165092516
-45.0 1938.0
53.0 0.41479307471013604
19.0 0.20250878861032076
27.0 0.99341296544154
-34.0 1091.0
-85.0 7058.0
65.0 0.8422132948747187
-68.0 4491.0
64.0 0.9356510381967906
-63.0 3846.0
-14.0 171.0
-5.0 18.0
-14.0 171.0
42.0 -0.89271202410611
18.0 -0.6954316912161206
34.0 0.5584944508259062
10.0 -0.4440211108893698
90.0 0.9051077747116689
-1.0 2.0
-59.0 3366.0
-29.0 786.0
-52.0 2603.0
0.0 3.0
-95.0 8838.0
-3.0 6.0
97.0 0.3899170173780372
-82.0 6563.0
51.0 0.6898370189806297
60.0 -0.28814395443555
46.0 0.9235274780835918
-12.0 123.0
-17.0 258.0
33.0 1.0302148904102975
40.0 0.7701131604793489
-73.0 5186.0
54.0 -0.5402705303330978
-74.0 5331.0
89.0 0.871305360868633
-12.0 123.0
-25.0 578.0
-23.0 486.0
72.0 0.26771225165092516
-52.0 2603.0
87.0 -0.8103235837572593
48.0 -0.7474213279903335
8.0 1.114358246623382
-63.0 3846.0
-26.0 627.0
74.0 -0.9716327469547339
13.0 0.49709011374971784
7.0 0.7998437415759319
-21.0 402.0
42.0 -0.89271202410611
-68.0 4491.0
35.0 -0.39961124092472244
6.0 -0.1127488315322592
92.0 -0.7685965043984133
24.0 -0.8639116953399572
22.0 0.03660323616414158
17.0 -0.9025739624677921
-79.0 6086.0
-35.0 1158.0
76.0 0.5792655316350225
-36.0 1227.0
-13.0 146.0
73.0 -0.6630733267503213
-20.0 363.0
-93.0 8466.0
40.0 0.7701131604793489
-80.0 6243.0
92.0 -0.7685965043984133
80.0 -0.9813886539233753
-46.0 2027.0
-3.0 6.0
-80.0 6243.0
36.0 -0.964001075665338
16.0 -0.2254033166650653
-12.0 123.0
-87.0 7398.0
24.0 -0.8639116953399572
-52.0 2603.0
-57.0 3138.0
73.0 -0.6630733267503213
-77.0 5778.0
6.0 -0.1127488315322592
-51.0 2502.0
21.0 0.8842746861551036
-51.0 2502.0
1.0 1.8414709848078965
51.0 0.6898370189806297
88.0 0.04676193909729705
-92.0 8283.0
10.0 -0.4440211108893698
-85.0 7058.0
33.0 1.0302148904102975
53.0 0.41479307471013604
-98.0 9411.0
81.0 -0.6175423152621082
7.0 0.7998437415759319
16.0 -0.2254033166650653
85.0 -0.16431091406623416
-49.0 2306.0
27.0 0.99341296544154
100.0 -0.4963656411097588
-67.0 4358.0
-78.0 5931.0
-78.0 5931.0
91.0 0.11697652274016784
17.0 -0.9025739624677921
-39.0 1446.0
-85.0 7058.0
97.0 0.3899170173780372
-10.0 83.0
-40.0 1523.0
0.0 3.0
84.0 0.7450950819780541
11.0 -0.9090811156416125
76.0 0.5792655316350225
-22.0 443.0
41.0 -0.13423242490226997
94.0 -0.23461368759531392
-59.0 3366.0
63.0 0.1832287161758228
-5.0 18.0
59.0 0.6536871596815107
2.0 1.4092974268256817
-72.0 5043.0
-10.0 83.0
-29.0 786.0
40.0 0.7701131604793489
-40.0 1523.0
-33.0 1026.0
-10.0 83.0
4.0 -0.5068024953079282
100.0 -0.4963656411097588
39.0 0.9894364119251134
33.0 1.0302148904102975
50.0 -0.24237485370392878
8.0 1.114358246623382
-81.0 6402.0
27.0 0.99341296544154
-40.0 1523.0
28.0 0.30662007402215474
-9.0 66.0
-94.0 8651.0
75.0 -0.37444830207609714
-1.0 2.0
14.0 1.0620359271234419
-86.0 7227.0
-45.0 1938.0
-82.0 6563.0
34.0 0.5584944508259062
-62.0 3723.0
-35.0 1158.0
-64.0 3971.0
-12.0 123.0
35.0 -0.39961124092472244
77.0 1.0125071715677443
-45.0 1938.0
-38.0 1371.0
-36.0 1227.0
-82.0 6563.0
8.0 1.114358246623382
53.0 0.41479307471013604
45.0 0.8731257467563407
51.0 0.6898370189806297
80.0 -0.9813886539233753
30.0 -0.9546982907595285
-48.0 2211.0
34.0 0.5584944508259062
-13.0 146.0
98.0 -0.5631777903577698
84.0 0.7450950819780541
-47.0 2118.0
9.0 0.5232295963528677
-61.0 3602.0
-59.0 3366.0
-96.0 9027.0
-59.0 3366.0
-97.0 9218.0
-86.0 7227.0
-3.0 6.0
-64.0 3971.0
24.0 -0.8639116953399572
71.0 0.9651391602966282
-88.0 7571.0
-13.0 146.0
80.0 -0.9813886539233753
20.0 0.9629452507276277
81.0 -0.6175423152621082
35.0 -0.39961124092472244
11.0 -0.9090811156416125
-86.0 7227.0
83.0 0.9804126538712697
-77.0 5778.0
-85.0 7058.0
30.0 -0.9546982907595285
-98.0 9411.0
-1.0 2.0
94.0 -0.23461368759531392
-17.0 258.0
-35.0 1158.0
72.0 0.26771225165092516
12.0 -0.4532395846671016
-99.0 9606.0
88.0 0.04676193909729705
-37.0 1298.0
88.0 0.04676193909729705
93.0 -0.9375294530979043
64.0 0.9356510381967906
64.0 0.9356510381967906
93.0 -0.9375294530979043
-79.0 6086.0
-48.0 2211.0
-11.0 102.0
81.0 -0.6175423152621082
18.0 -0.6954316912161206
91.0 0.11697652274016784
6.0 -0.1127488315322592
62.0 -0.7230516643911584
-1.0 2.0
-47.0 2118.0
38.0 0.32268436818306956
-5.0 18.0
53.0 0.41479307471013604
-17.0 258.0
-6.0 27.0
-23.0 486.0
67.0 -0.8405946058409939
78.0 0.526798968808048
96.0 0.9940044121010115
-93.0 8466.0
-71.0 4902.0
-16.0 227.0
67.0 -0.8405946058409939
5.0 -0.7589242746631384
-14.0 171.0
84.0 0.7450950819780541
52.0 1.0058583612712546
-52.0 2603.0
84.0 0.7450950819780541
5.0 -0.7589242746631384
-39.0 1446.0
18.0 -0.6954316912161206
-44.0 1851.0
85.0 -0.16431091406623416
0.0 3.0
-94.0 8651.0
-92.0 8283.0
26.0 0.8010199889411412
39.0 0.9894364119251134
-2.0 3.0
73.0 -0.6630733267503213
-45.0 1938.0
-86.0 7227.0
81.0 -0.6175423152621082
97.0 0.3899170173780372
-45.0 1938.0
-84.0 6891.0
22.0 0.03660323616414158
93.0 -0.9375294530979043
-64.0 3971.0
-43.0 1766.0
-95.0 8838.0
-11.0 102.0
-26.0 627.0
92.0 -0.7685965043984133
-83.0 6726.0
5.0 -0.7589242746631384
-56.0 3027.0
23.0 -0.8027421433056054
36.0 -0.964001075665338
-37.0 1298.0
32.0 0.5826766812416906
-21.0 402.0
-11.0 102.0
-64.0 3971.0
-22.0 443.0
-88.0 7571.0
-64.0 3971.0
-53.0 2706.0
-60.0 3483.0
18.0 -0.6954316912161206
-44.0 1851.0
-78.0 5931.0
79.0 -0.4314544408594071
3.0 0.4744533413932005
-14.0 171.0
-58.0 3251.0
51.0 0.6898370189806297
74.0 -0.9716327469547339
59.0 0.6536871596815107
-8.0 51.0
-98.0 9411.0
-33.0 1026.0
86.0 -0.9118305400273156
99.0 -0.9891058240853436
34.0 0.5584944508259062
44.0 0.04042919783268631
-21.0 402.0
48.0 -0.7474213279903335
-92.0 8283.0
-29.0 786.0
68.0 -0.8832217983363502
-89.0 7746.0
-42.0 1683.0
85.0 -0.16431091406623416
44.0 0.04042919783268631
-11.0 102.0
-70.0 4763.0
-93.0 8466.0
63.0 0.1832287161758228
-35.0 1158.0
87.0 -0.8103235837572593
-8.0 51.0
-99.0 9606.0
47.0 0.14484971848990486
52.0 1.0058583612712546
-64.0 3971.0
-3.0 6.0
-37.0 1298.0
-68.0 4491.0
39.0 0.9894364119251134
89.0 0.871305360868633
16.0 -0.2254033166650653
0.0 3.0
-24.0 531.0
5.0 -0.7589242746631384
29.0 -0.6291511255922779
22.0 0.03660323616414158
95.0 0.6937880305255947
59.0 0.6536871596815107
53.0 0.41479307471013604
76.0 0.5792655316350225
31.0 -0.37177958080693596
59.0 0.6536871596815107
71.0 0.9651391602966282
-8.0 51.0
51.0 0.6898370189806297
31.0 -0.37177958080693596
100.0 -0.4963656411097588
-72.0 5043.0
73.0 -0.6630733267503213
0.0 3.0
-60.0 3483.0
2.0 1.4092974268256817
61.0 -0.9497243273854421
-38.0 1371.0
-91.0 8102.0
80.0 -0.9813886539233753
-22.0 443.0
-10.0 83.0
7.0 0.7998437415759319
-50.0 2403.0
-41.0 1602.0
-48.0 2211.0
-49.0 2306.0
25.0 -0.09235175009777302
47.0 0.14484971848990486
-74.0 5331.0
-45.0 1938.0
-62.0 3723.0
-72.0 5043.0
93.0 -0.9375294530979043
-32.0 963.0
-30.0 843.0
-13.0 146.0
27.0 0.99341296544154
-12.0 123.0
-88.0 7571.0
66.0 -0.011399638872451642
-66.0 4227.0
-7.0 38.0
-70.0 4763.0
43.0 -0.8085189286751099
74.0 -0.9716327469547339
-100.0 9803.0
28.0 0.30662007402215474
-40.0 1523.0
84.0 0.7450950819780541
-54.0 2811.0
100.0 -0.4963656411097588
65.0 0.8422132948747187
77.0 1.0125071715677443
-40.0 1523.0
78.0 0.526798968808048
79.0 -0.4314544408594071
83.0 0.9804126538712697
-20.0 363.0
78.0 0.526798968808048
-25.0 578.0
54.0 -0.5402705303330978
-77.0 5778.0
28.0 0.30662007402215474
10.0 -0.4440211108893698
83.0 0.9804126538712697
30.0 -0.9546982907595285
30.0 -0.9546982907595285
-80.0 6243.0
35.0 -0.39961124092472244
76.0 0.5792655316350225
71.0 0.9651391602966282
100.0 -0.4963656411097588
7.0 0.7998437415759319
42.0 -0.89271202410611
-41.0 1602.0
34.0 0.5584944508259062
-45.0 1938.0
-66.0 4227.0
0.0 3.0
86.0 -0.9118305400273156
18.0 -0.6954316912161206
93.0 -0.9375294530979043
-46.0 2027.0
-82.0 6563.0
56.0 -0.503693859229769
-55.0 2918.0
-16.0 227.0
80.0 -0.9813886539233753
38.0 0.32268436818306956
-13.0 146.0
89.0 0.871305360868633
66.0 -0.011399638872451642
71.0 0.9651391602966282
89.0 0.871305360868633
17.0 -0.9025739624677921
-1.0 2.0
-73.0 5186.0
-72.0 5043.0
-68.0 4491.0
80.0 -0.9813886539233753
3.0 0.4744533413932005
-63.0 3846.0
-12.0 123.0
53.0 0.41479307471013604
55.0 -0.9815733551768017
65.0 0.8422132948747187
-93.0 8466.0
-51.0 2502.0
67.0 -0.8405946058409939
36.0 -0.964001075665338
-11.0 102.0
80.0 -0.9813886539233753
-93.0 8466.0
-32.0 963.0
-20.0 363.0
-83.0 6726.0
86.0 -0.9118305400273156
-54.0 2811.0
64.0 0.9356510381967906
-87.0 7398.0
-16.0 227.0
-88.0 7571.0
-47.0 2118.0
0.0 3.0
67.0 -0.8405946058409939
-48.0 2211.0
71.0 0.9651391602966282
-10.0 83.0
-88.0 7571.0
33.0 1.0302148904102975
0.0 3.0
28.0 0.30662007402215474
56.0 -0.503693859229769
67.0 -0.8405946058409939
80.0 -0.9813886539233753
-45.0 1938.0
-62.0 3723.0
-98.0 9411.0
-36.0 1227.0
-15.0 198.0
-72.0 5043.0
-82.0 6563.0
81.0 -0.6175423152621082
60.0 -0.28814395443555
-10.0 83.0
31.0 -0.37177958080693596
-23.0 486.0
95.0 0.6937880305255947
-35.0 1158.0
69.0 -0.10029206015999882
-45.0 1938.0
10.0 -0.4440211108893698
-31.0 902.0
-7.0 38.0
6.0 -0.1127488315322592
61.0 -0.9497243273854421
66.0 -0.011399638872451642
76.0 0.5792655316350225
38.0 0.32268436818306956
53.0 0.41479307471013604
43.0 -0.8085189286751099
-87.0 7398.0
88.0 0.04676193909729705
-32.0 963.0
84.0 0.7450950819780541
99.0 -0.9891058240853436
-36.0 1227.0
3.0 0.4744533413932005
59.0 0.6536871596815107
-29.0 786.0
88.0 0.04676193909729705
1.0 1.8414709848078965
-72.0 5043.0
-96.0 9027.0
47.0 0.14484971848990486
-1.0 2.0
-95.0 8838.0
88.0 0.04676193909729705
79.0 -0.4314544408594071
-17.0 258.0
35.0 -0.39961124092472244
-37.0 1298.0
-87.0 7398.0
-84.0 6891.0
-10.0 83.0
8.0 1.114358246623382
3.0 0.4744533413932005
35.0 -0.39961124092472244
-55.0 2918.0
32.0 0.5826766812416906
-82.0 6563.0
92.0 -0.7685965043984133
-73.0 5186.0
17.0 -0.9025739624677921
93.0 -0.9375294530979043
-99.0 9606.0
-52.0 2603.0
-54.0 2811.0
62.0 -0.7230516643911584
-51.0 2502.0
-80.0 6243.0
-89.0 7746.0
10.0 -0.4440211108893698
-4.0 11.0
42.0 -0.89271202410611
-20.0 363.0
3.0 0.4744533413932005
99.0 -0.9891058240853436
-73.0 5186.0
78.0 0.526798968808048
10.0 -0.4440211108893698
-5.0 18.0
-14.0 171.0
2.0 1.4092974268256817
70.0 0.7881763958436033
66.0 -0.011399638872451642
-54.0 2811.0
9.0 0.5232295963528677
50.0 -0.24237485370392878
-19.0 326.0
55.0 -0.9815733551768017
93.0 -0.9375294530979043
-37.0 1298.0
-87.0 7398.0
-43.0 1766.0
-10.0 83.0
68.0 -0.8832217983363502
2.0 1.4092974268256817
-5.0 18.0
-63.0 3846.0
-78.0 5931.0
19.0 0.20250878861032076
-70.0 4763.0
-44.0 1851.0
90.0 0.9051077747116689
-58.0 3251.0
-84.0 6891.0
-16.0 227.0
-85.0 7058.0
-23.0 486.0
37.0 -0.6165111063299724
-44.0 1851.0
-100.0 9803.0
-49.0 2306.0
40.0 0.7701131604793489
-39.0 1446.0
51.0 0.6898370189806297
82.0 0.3254239043843047
-57.0 3138.0
-46.0 2027.0
-68.0 4491.0
28.0 0.30662007402215474
-25.0 578.0
-46.0 2027.0
40.0 0.7701131604793489
13.0 0.49709011374971784
-58.0 3251.0
58.0 1.0101140273948819
-11.0 102.0
79.0 -0.4314544408594071
-88.0 7571.0
80.0 -0.9813886539233753
43.0 -0.8085189286751099
-61.0 3602.0
17.0 -0.9025739624677921
-12.0 123.0
-66.0 4227.0
-19.0 326.0
99.0 -0.9891058240853436
57.0 0.45370861489694775
-10.0 83.0
-13.0 146.0
-23.0 486.0
-41.0 1602.0
77.0 1.0125071715677443
-13.0 146.0
36.0 -0.964001075665338
48.0 -0.7474213279903335
34.0 0.5584944508259062
4.0 -0.5068024953079282
-65.0 4098.0
32.0 0.5826766812416906
-52.0 2603.0
85.0 -0.16431091406623416
-69.0 4626.0
87.0 -0.8103235837572593
54.0 -0.5402705303330978
-92.0 8283.0
34.0 0.5584944508259062
-100.0 9803.0
-73.0 5186.0
-89.0 7746.0
98.0 -0.5631777903577698
31.0 -0.37177958080693596
-38.0 1371.0
91.0 0.11697652274016784
-60.0 3483.0
75.0 -0.37444830207609714
83.0 0.9804126538712697
-21.0 402.0
-56.0 3027.0
-72.0 5043.0
10.0 -0.4440211108893698
53.0 0.41479307471013604
54.0 -0.5402705303330978
-40.0 1523.0
-41.0 1602.0
-90.0 7923.0
40.0 0.7701131604793489
100.0 -0.4963656411097588
-91.0 8102.0
-91.0 8102.0
59.0 0.6536871596815107
28.0 0.30662007402215474
-13.0 146.0
-69.0 4626.0
37.0 -0.6165111063299724
-12.0 123.0
-39.0 1446.0
57.0 0.45370861489694775
-92.0 8283.0
80.0 -0.9813886539233753
87.0 -0.8103235837572593
14.0 1.0620359271234419
69.0 -0.10029206015999882
-98.0 9411.0
-52.0 2603.0
25.0 -0.09235175009777302
74.0 -0.9716327469547339
-6.0 27.0
54.0 -0.5402705303330978
-16.0 227.0
-89.0 7746.0
-93.0 8466.0
4.0 -0.5068024953079282
-14.0 171.0
56.0 -0.503693859229769
-37.0 1298.0
-1.0 2.0
42.0 -0.89271202410611
8.0 1.114358246623382
-87.0 7398.0
-20.0 363.0
94.0 -0.23461368759531392
-39.0 1446.0
-58.0 3251.0
8.0 1.114358246623382
68.0 -0.8832217983363502
2.0 1.4092974268256817
54.0 -0.5402705303330978
-3.0 6.0
-94.0 8651.0
-61.0 3602.0
71.0 0.9651391602966282
-69.0 4626.0
-73.0 5186.0
-61.0 3602.0
-93.0 8466.0
-83.0 6726.0
-49.0 2306.0
-82.0 6563.0
-71.0 4902.0
2.0 1.4092974268256817
-99.0 9606.0
78.0 0.526798968808048
-81.0 6402.0
-81.0 6402.0
72.0 0.26771225165092516
33.0 1.0302148904102975
-10.0 83.0
-88.0 7571.0
51.0 0.6898370189806297
-73.0 5186.0
53.0 0.41479307471013604
-86.0 7227.0
-47.0 2118.0
-77.0 5778.0
46.0 0.9235274780835918
-76.0 5627.0
-98.0 9411.0
-28.0 731.0
-3.0 6.0
-52.0 2603.0
-57.0 3138.0
24.0 -0.8639116953399572
90.0 0.9051077747116689
92.0 -0.7685965043984133
-68.0 4491.0
-76.0 5627.0
-54.0 2811.0
-19.0 326.0
42.0 -0.89271202410611
46.0 0.9235274780835918
